849 	0.0155026742113014
718 	0.42632354081079
503 	1.23246259979847
679 	2.59669793039299
208 	0.00775133710565072
iDTM42_2671 	5.48794667080071
469 	0.0775133710565073
868 	0.0542593597395551
212 	0.542593597395551
iDTM42_1080 	0.131772730796062
865 	0.310053484226029
767 	0.00775133710565072
893 	0.240291450275172
066 	0.139524067901713
869 	0.0775133710565073
914 	1.72854817456011
087 	25.4941477404852
876 	1.0851871947911
126 	0.124021393690412
758 	0.21703743895822
s495 	0.697620339508565
706 	0.0310053484226029
iDTM44_274 	0.0775133710565073
000 	44.6011937059143
802 	0.0310053484226029
689 	1.0851871947911
722 	8.61173552437796
iDTM42_719 	0.379815518176886
gHQ912403 	4.44926749864352
753 	0.0387566855282536
Proportion of reads identified as Diatoms : 99.7140207141753
