Strain
285
529
648
656
783
633
487
298
306
523
641
683
767
809
886
876
302
530
883
753
008
030
052
049
050
035
494
023
659
697
693
849
621
513
514
018
143
643
085
907
467
135
319
047
012
034
622
855
551
005
185
409
842
382
844
511
177
743
734
380
153
266
121
056
048
009
819
853
203
195
247
191
196
653
032
199
243
194
823
791
015
575
625
726
613
662
343
038
043
027
041
171
046
042
435
739
839
647
645
451
475
496
508
509
681
614
146
257
136
189
107
013
252
024
651
668
706
657
061
702
836
091
358
344
220
698
720
881
665
267
102
837
471
794
742
617
100
101
271
592
150
092
088
590
729
740
104
394
007
342
468
432
587
180
450
634
725
206
407
145
337
690
398
549
559
176
391
676
906
460
707
058
911
574
208
723
310
689
914
077
778
865
704
082
507
079
087
679
125
144
007
029
071
612
804
847
445
372
314
667
684
489
318
826
258
377
731
400
265
163
256
272
615
654
875
569
090
901
708
543
120
164
568
156
745
137
168
134
165
764
671
711
703
678
658
499
588
160
130
123
124
200
201
204
211
250
186
062
063
586
572
340
346
457
661
311
108
066
081
867
777
369
841
036
303
316
312
796
536
274
275
280
284
286
294
296
297
299
300
538
779
817
044
055
072
084
353
363
321
322
324
326
329
331
728
673
680
031
068
069
500
616
716
869
163
593
800
762
818
057
190
458
758
105
159
111
212
785
126
122
840
281
283
718
893
752
330
332
470
866
868
769
795
850
649
307
806
675
483
787
713
469
095
116
117
193
210
225
227
234
236
240
277
309
373
375
603
660
670
771
774
846
848
905
910
912
913
604
709
768
290
304
541
655
816
843
002
350
320
291
292
349
601
606
323
597
600
