000 28.3833681168727 28.3833681168727 56.4366142784991 15.1935381141252 1.72851292616134 14.8860603119278 5.15798705762439 25.5269661287978 38.8226081348749 11.8692931952943 12.9121963134853 22.0321905598471 7.02234132735377 4.98345337745766 7.14285714285714 2.59209692188491 5.13918629550321 2.39214011106365
006 0 0 0 0.15054572826496 0.080395950054016 0 0 0 0.0552766133861532 0 0 0 0.0218764527331893 0 0 0 0 0
027 0 0 0 0.138965287629194 0 0 0 0 0 0 0 0 0 0 0 0 0 0
041 0 0 0.0713033661130753 0 0.261286837675552 0 0 0 0 0 0 0.124008577259927 0 0 0 0 0 0
052 0 0 0.0237677887043584 0 0 0 0 0 0 0 0 0 0 0 0 0 0 0
063 0.1284315299406 0.1284315299406 0.059419471760896 0 0 0 0 0 0 0 0 0 0 0 0 0 0 0
066 0 0 0 0 0 0.158831704573029 0 0.465183893007705 0 0.22719644747373 0 0 0 0 0 0 0 0
081 0 0 0.617962506313319 0.405315422251817 0 0 0 0.465183893007705 0 0.192772743311044 0 0 0.0218764527331893 0 0 0 0 0
087 0.0802697062128753 0.0802697062128753 0.267387622924032 20.5263310268956 1.98477501695852 18.1388012618297 5.29784056699931 34.0529146678296 4.09968215947303 0 6.6045358035362 2.64809982690469 0.109382263665947 0.875997664006229 4.69924812030075 0 0 8.97052541648868
126 0 0 0 0 0 0.141183737398248 0 0 0.0368510755907688 0 0 0 0 0 0 0 0 0
171 4.10980895809921 4.10980895809921 0 0 0 0 0 0 0.110553226772306 0.0206542224976119 0 0 0 0 0 0 0 0
208 0 0 0.534775245848064 0 0 0.00882398358739053 0 0 0.331659680316919 0 0 0 0 0 0 1.46509826019582 2.14132762312634 0
212 0 0 0 0 0 0.617678851117337 0 0 0 0 0 0 0 0 0 0 0 0
307 0 0 0.237677887043584 0.0810630844503633 0 0 0.0189631877118544 0.116295973251926 0 0.0895016308229847 0.105221623043535 0 0 0 0 0 0 0
309 0 0 0.059419471760896 0 0 0 0 0 0 0 0 0 0 0 0 0 0 0
311 0 0 0.225793992691405 0 0 0 0 0 0 0 0 0 0 0 0 0 0 0
314 0 0 0.15449062657833 0 0 0 0 0 0 0 0 0 0 0 0 0 0 0
331 0 0 0.0118838943521792 0.301091456529921 0 0 0 0 0 0 0 0 0 0 0 0 0 0
332 0 0 0.237677887043584 0 0.020098987513504 0 0.0568895631355631 1.51184765227504 0.0184255377953844 0 0 0.0413361924199757 0 0 0 0 0 0
445 0 0 12.9059092664666 0 0 0 0 0 0 0 0 0 0 0 0 0 0 0
451 0 0 0 0.416895862887583 1.0049493756752 0 0.0379263754237087 0 2.96651158505689 0 1.21756449521805 0.0206680962099879 0 0 0 0 0 0
458 0 0 0 0 0 0 0 0 0.128978764567691 0 0 0 0 0 0 0 0 0
469 0 0 0.392168513621914 1.79496829854376 0 0.0882398358739053 0 0 0.128978764567691 0 22.6376806147949 0.640710982509624 0 0 0 0 0 0.341734301580521
471 0 0 0 0.185287050172259 0 0 0 0 0 0 0 0 0 0 0 0 0 0
487 0 0 0 0.231608812715324 0 0.176479671747811 0 0 0 0.275389633301491 0.315664869130606 0 0 0 0 0 0 0
498 0 0 0 0 0 0 0 0 0 0 0 0.620042886299636 0 0 0 0 0 0
503 3.72451436827741 3.72451436827741 0 1.84129006108682 0.723563550486144 1.40301339039509 1.57394458008391 0.174443959877889 2.52429867796766 0 0 3.51357635569794 0.0437529054663786 0.155732918045552 0 0 0 0
559 0 0 0.0831872604652545 0 0 0 0 0 0 0.103271112488059 0 0 0 0 0 0 0 0
568 0 0 0.0118838943521792 0 0 0 0 0 0 0 0 0 0 0 0 0 0 0
569 0 0 0.0237677887043584 0 0 0 0 0 0 0 0 0 0 0 0 0 0 0
586 0.256863059881201 0.256863059881201 0.0713033661130753 0 0.020098987513504 0 0 0 0 0 0 0 0 0 0 0 0 0
590 0 0 0 0 0 0 0 0 0.202680915749228 0 0 0 0 0 0 0 0 0
593 0 0 0.0118838943521792 0 0 0 0 0 0 0 0 0 0 0 0 0 0 0
633 0 0 0 0.497958947337946 0 0 0 0 3.20604357639689 0 0 0 0 0 0 0 0 0
643 0 0 0.0356516830565376 0 0 0 0 0 0 0 0 0 0 0 0 0 0 0
647 0 0 0 0 0.341682787729568 0 0 0 0 0 0 0 0 0 0 0 0 0
648 0 0 0.0118838943521792 3.27726469992183 0 0 0 0.174443959877889 0 0 0 0.661379078719611 0 0 31.203007518797 0 0 0
649 0 0 3.47009715083633 0 0 0 0.0568895631355631 1.1048117458933 0.110553226772306 0.0275389633301491 0.255538227391443 0.0206680962099879 0 0 0 0 0 0
656 0 0 0.273329570100122 0.938015691497061 0 0.33531137632084 0 0 0 0 0 0.351357635569794 0 0 0 0 0 0
661 0 0 0.202026203987047 0 0 0 0 0.290739933129815 0 0.15146429831582 0 0 0 0 0 0 0 0
670 0 0 0 0.196867490808025 0 0 0 0 0 0.0826168899904474 0 0 0 0 0 0 0 0
675 0 0 0.059419471760896 0 0 0 0 0 0 0.674704601588654 0 0.0206680962099879 0 0 0 0 0 0
679 0 0 0.48278320805728 6.05078023218783 0.33917041429038 1.84752156360989 48.2850167113092 14.2099142317197 0.0115159611221153 0.116180001549067 5.08258018451363 27.3981450383652 0.191418961415407 0.19466614755694 32.6597744360902 0 0 35.9888936351986
681 0 0 0 0 10.5720674321031 0 0 0 0.534340596066148 0 0 0.661379078719611 6.03790095436025 0 0 0 0 0
683 0 0 0 0 0 0 0 0 0 0.00688474083253729 0 0 0 0 0 0 0 0
684 0 0 3.05416084851006 0.208447931443791 0 0 0 0 0 1.43891083400029 0 0 0 0 0 0 0 0
689 0 0 0.059419471760896 0.961176572768594 0.241187850162048 1.23535770223467 0.0379263754237087 3.25628725105393 0.313234142521535 63.4704257351612 0 0.165344769679903 0 0.155732918045552 0 0 0 6.15121742844938
690 0 0 0.15449062657833 0 0 0 0 0 0.0368510755907688 0 0 0 0 0 0 0 0 0
703 0 0 0.915059865117799 0.48637850670218 0 0 0 0.116295973251926 0 0.433738672449849 0 0.186012865889891 0 0.155732918045552 0.37593984962406 0 0 0
706 0 0 0.0475355774087168 0.0694826438145972 0.020098987513504 0.0352959343495621 0 0 0 0 0 0 0 0 0 0 0 0
707 0 0 6.20339285183755 0.0694826438145972 0 0 0 0 0 3.80726168039312 0 0 0 0 0 0 0 0
716 0 0 0 0 0 0 0 0.232591946503852 0.0552766133861532 0.137694816650746 0 0 0 0 0 0 0 0
718 0 0 0.059419471760896 1.00749833531166 0 0.485319097306479 0 0.232591946503852 0 0 0 0.0206680962099879 0 0 0 0 0 0
721 0 0 1.03389880863959 0.856952607046698 0 0 0 0.697775839511557 0 0 0 0.0206680962099879 0 0 0 0 0 0
722 0 0 0 16.7568975999537 0.020098987513504 9.80344576559088 33.7355109393889 3.3144352376799 1.7688516283569 0 0.120253283478326 17.9399075102695 0 0.311465836091104 0 0 0 0.683468603161042
723 0 0 0.190142309634867 5.21119828609479 0.020098987513504 0 0 0 0 0.199657484143581 0 0.0206680962099879 0 0 0 0 0 0
725 0 0 0.0118838943521792 0 0 0 0 0 0 0.123925334985671 0 0 0 0 0 0 0 0
728 0 0 0 0.416895862887583 0 0 0.0189631877118544 0.814071812763483 0 0 0 0 0 0 0.37593984962406 0 0 0
731 0 0 0 0 0.160791900108032 0 0 0 0 0 0 0 0 0 0 0 0 0
740 0 0 0 0 0 0 0 0 0.0737021511815376 0.185888002478507 0 0 0 0 0 0 0 0
753 0 0 0 0.0694826438145972 0 0.0441199179369526 0.0189631877118544 0 0.0552766133861532 0 0 0 0 0 0 0 0 0.683468603161042
758 0 0 0 0 0 0.247071540446935 0.0189631877118544 0 0 0 0 0 0 0 0.37593984962406 0 0 0
762 0 0 0 0 0 0 0 0 0 0 0 0 0 0 0 0.225399732337818 0.856531049250535 0
764 0 0 0 0 0 0 0 0 0 0 0 0 0 0 0 0.112699866168909 0.642398286937901 0
767 0 0 2.51938560266199 12.9121913088793 0 0.00882398358739053 0.0189631877118544 0.523331879633668 6.5042148417707 9.59732872055698 0 2.95553775802826 0.721922940195247 0 1.12781954887218 0 0 0
768 0 0 0 0 0 0 0 0 0 0.179003261645969 0 0 0 0 0 0 0 0
771 0 0 0.0356516830565376 0 0 0 0 0 0 0.0757321491579101 0 0 0 0 0 0 0 0
778 2.44019906887141 2.44019906887141 0.0118838943521792 0 0 0 0 0 0.313234142521535 0.199657484143581 0 0 0 0 0 0 0 0
783 0 0 0 2.15396195825251 0.040197975027008 0.370607310670402 0 0 0 0 0 0 0 0 0 0 0 0
787 0 0 0.0118838943521792 0 0 0 0 0 0.0184255377953844 0.0688474083253729 0 0.186012865889891 0 0 0 0 0 0
791 0 0 0 0 0.060296962540512 0 0 0 0 0 0 0 0 0 0 0 0 0
795 0 0 0 0 0 0 0.0379263754237087 0 0 0 0 0 0 0 0 0 0 0
796 0 0 0 0.0694826438145972 0 0 0 0.348887919755778 0.0368510755907688 0.0826168899904474 0 0 0 0 0 0 0 0
800 0 0 0.0237677887043584 0 0 0 0.0189631877118544 0.116295973251926 0 0.419969190784774 0.270569887826234 0 0 0 0 0 0 0
802 0.385294589821801 0.385294589821801 1.21215722392228 0 0 0.0352959343495621 0 0.348887919755778 0.092127688976922 0 0 1.30209006122923 0 0 0 0 0 0.170867150790261
816 0 0 0 0 0 0 0 0 0 0.192772743311044 0 0 0 0 0 0 0 0
817 0 0 1.2002733295701 0.138965287629194 0 0 0 0.697775839511557 0 0 0 0.206680962099879 0 0 0 0 0 0
836 0 0 0 0 0 0 0 0 0.110553226772306 0 0 0 0 0 0 0 1.49892933618844 0
841 0 0 0 0 0 0 0 0 0 0 0 0.227349058309866 0 0 0 0 0 0
843 0 0 0 0 0 0 0 0 0 0.805514677406862 0 0 0 0 0 0.338099598506727 0 0
847 0 0 0.558543034552423 0 0 0 0 0 0.0184255377953844 0 0 0 0 0 0 0 0 0
849 1.284315299406 1.284315299406 0 0 0 0.0176479671747811 0 0 0.0368510755907688 0 0.931962946957028 0 0 0 0 0 0 0
855 0 0 0.45158798538281 0.0694826438145972 0.020098987513504 0 0 0 0 0 0 0 0 0 0 0 0.428265524625268 0
865 3.85294589821801 3.85294589821801 0.0356516830565376 0 0 0.352959343495621 0 1.1048117458933 0.479063982679994 1.44579557483283 0.0751583021739539 0.372025731779781 0 0 0 0 0 0
866 0 0 0 0 0 0 0 0.116295973251926 0 0.0688474083253729 0 0 0 0 0 0 0 0
867 0 0 0 0 0 0 0 0 0 0.0344237041626864 0 0 0 0 0 0 0 0
868 0 0 0.332749041861018 0.0115804406357662 0 0.0617678851117337 0 0.0581479866259631 0 0 0 0 0 0 0 0 0 0
869 0 0 0 0 0 0.0882398358739053 0 0 0.147404302363075 0 0 0 0 0 0 0 0 0
876 0 0 0 0 0 1.23535770223467 0 0 0 0 0 0 0 0 0 0 0 0
881 0 0 0.0356516830565376 0.0115804406357662 0.180890887621536 0 0 0.0581479866259631 0.773872587406145 0.0826168899904474 0 0 0 0 0 0 0 0
883 0 0 0.118838943521792 0 0 0 0 0 0 0 0 0 0 0 0 0 0 0
893 0 0 0 0.914854810225529 0 0.273543491209106 0.0189631877118544 0 0.0368510755907688 1.87264950645014 0 0 0 0 0 0 0 1.02520290474156
901 0 0 0.0713033661130753 0.370574100344518 0.140692912594528 0 0 0 0.221106453544613 0.296043855799103 0 0 0 0 0 0 0 0
906 0 0 0.059419471760896 0.0115804406357662 0 0 0 0 0 0.048193185827761 0 0 0 0 0 0 0 0
910 0 0 0 0 0 0 0 0 0 0 0 0 0 0 0 0 2.14132762312634 0
911 0 0 3.18488368638403 0.0579022031788309 0.261286837675552 0 0.0568895631355631 0.174443959877889 0.092127688976922 0.247850669971342 0.0751583021739539 0 0.131258716399136 0.155732918045552 0 0 0 0
913 0 0 0.0475355774087168 0 0 0 0.0189631877118544 0 0 0.048193185827761 0 0 0 0 0 0 0 0
914 1.1558837694654 1.1558837694654 0.0356516830565376 0.312671897165687 0.020098987513504 1.96774833998809 0.0568895631355631 0.174443959877889 11.6265143488876 0.172118520813432 1.20253283478326 0.144676673469915 0 0 2.25563909774436 0 0 0
gDQ514780 0 0 0 0.0115804406357662 54.4481571740824 0 0 0 0 0 0 0 0 0 0 0 0 0
gHQ828193 0 0 0 0 0.221088862648544 0 0 0 0 0 0 0 0 0 0 0 0 0
gHQ912403 0 0 1.31465581270982 2.73587910019976 6.4065522699294 3.16560411197635 4.81190888188304 8.94025294374182 1.16311207333364 0.103271112488059 10.5691362432123 10.553646627225 2.39273701769258 92.8557523846603 19.031954887218 0.035218708177784 0 3.09696710807347
gHQ912451 0 0 0.0118838943521792 0.0463217625430648 19.7573047257744 0.370607310670402 0 0 0 0 0 0.702715271139587 83.3055320079849 0 0 0 0 0
gHQ912474 0 0 0 0 0.70346456297264 0 0 0 0 0 0 0 0 0 0 0 0 0
gJQ610175 1.284315299406 1.284315299406 0 1.47071596074231 0.20098987513504 6.32679623215901 0.132742313982981 0.232591946503852 1.27136210788152 0.172118520813432 37.6242460682813 6.13842457436639 0 0 0.75187969924812 0 0 37.5907731738573
gKF959642 0 0 0 0 0 0 0 0 0.0184255377953844 0 0 0 0 0 0 0 0 0
iDTM100_4 52.0147696259432 52.0147696259432 0 0 0 0.0264719507621716 0 0 5.39868257404763 0 0 0 0 0 0 0 0 0
iDTM113_247 0 0 0.0118838943521792 0 0 0 0 0 0 0 0 0 0 0 0 0 0 0
iDTM42_1080 0 0 0 0 0 0.150007720985639 0 0 0 0 0 0 0 0 0 0 0 0.170867150790261
iDTM42_17 0 0 0 0.0926435250861295 0 34.6341355805078 0 0.290739933129815 0.0368510755907688 0 0 0.0826723848399514 0 0.155732918045552 0 0 0 0
iDTM42_2671 0 0 0 0 0 0.0352959343495621 0 0 0 0 0 0 0 0 0 0 0 0
iDTM42_719 0 0 0 0 0 0.423551212194745 0 0 0 0 0 0 0 0 0 0 0 0
iDTM44_274 0 0 0 0 0 0 0.512006068220068 0 0 0.00688474083253729 0 0 0 0 0 0 0 0
iDTM47_46 0 0 0 0 0 0.00882398358739053 0 0 15.6064305126906 0 0 0 0 0 0 0 0 0
iDTM96_900 0 0 0 0 0 0 0 0 0 0 0 0 0 0 0 1.52144819328027 1.71306209850107 0
iDTM98_32 0 0 0 0 0 0 0 0 0 0 0 0 0 0 0 16.6795801929985 10.2783725910064 0
s495 0.899020709584203 0.899020709584203 0.0118838943521792 0.266350134622622 0 0.794158522865148 0 0.0581479866259631 0.405361831498457 0.144579557483283 0 0.0206680962099879 0 0 0 77.0303585264492 75.1605995717345 2.73387441264417
