Achnanthes (OTUs:43) 52.0147696259432 52.0147696259432 0 0.0926435250861295 0 34.66060753127 0 0.290739933129815 5.4355336496384 0 0 0.0826723848399514 0 0.155732918045552 0 0 0 0
Achnanthidium 0 0 0 10.2320330372263 0.138965287629194 0.261286837675552 0.00882398358739053 0.0568895631355631 0.174443959877889 0.46063844488461 4.33050198366595 0.0751583021739539 0 0.131258716399136 0.155732918045552 0 18.1446784531943 12.4197002141328 0
Amphora (OTUs:1) 0.0802697062128753 0.0802697062128753 2.06482664369114 29.3129903592832 8.7304977011783 23.1519269374159 58.3947661601915 57.2030818432912 5.27431019392879 0.219451114037126 22.2562522312621 40.5998914924949 2.69353824277393 93.9264161962235 56.390977443609 0.035218708177784 0 48.0563861597608
Cocconeis 0 0 0 0.249561781395763 6.17237485886338 0.261286837675552 1.23535770223467 0.0379263754237087 3.25628725105393 0.313234142521535 63.6700832193048 0 0.186012865889891 0 0.155732918045552 0 0 0 6.15121742844938
Cyclotella 0 0 0 0.285213464452301 7.11039055036044 54.4883551491094 0.882398358739053 0 0.174443959877889 3.20604357639689 0.275389633301491 0.315664869130606 1.01273671428941 0 0 31.203007518797 0 0 0
Cymbella 0 0 0 0 0.15054572826496 0.080395950054016 0 0 0 0.0552766133861532 0 0 0 0.0218764527331893 0 0 0 0 0
Denticula 0 0 0 0 0 0.70346456297264 0 0 0 0 0 0 0 0 0 0 0 0 0
Diatoma 0 0 0 1.06955049169613 0.856952607046698 0 0 0 0.697775839511557 0 0 0 0.0206680962099879 0 0 0 0 0 0
Encyonema 0 0 0 16.6731037761074 0.208447931443791 0 0 0 0 0.0184255377953844 1.43891083400029 0 0 0 0 0 0 0 0
Encyonopsis 0 0 0 0 0 0.160791900108032 0 0 0 0 0 0 0 0 0 0 0 0 0
Eolimna (OTUs:7) 2.18333600899021 2.18333600899021 0.0118838943521792 1.73706609536493 0.20098987513504 7.7298096225541 0.644748382203048 0.290739933129815 1.67672393937998 0.323582819129252 37.6242460682813 6.15909267057638 0 0 0.75187969924812 78.5518067197295 76.8736616702355 40.4955147372918
Eunotia 0 0 0 0 0.185287050172259 0 0.00882398358739053 0 0 15.8828135796214 0.185888002478507 0 0 0 0 0 0 0 0
Fragilaria (OTUs:4) 4.10980895809921 4.10980895809921 0.558543034552423 0.208447931443791 0.341682787729568 0 0 0 0.110553226772306 0.0206542224976119 0 0.124008577259927 0 0 0 0 0.428265524625268 0
Gomphonema (OTUs:2) 0.385294589821801 0.385294589821801 1.58055794883983 0.856952607046698 0.160791900108032 0 0 0.407035906381742 0.221106453544613 0.881246826564772 0 0.186012865889891 0 0.155732918045552 0.37593984962406 0.112699866168909 0.642398286937901 0
Melosira 0 0 0 2.51938560266199 12.9121913088793 0 0.00882398358739053 0.0189631877118544 0.523331879633668 6.5042148417707 9.60421346138951 0 2.95553775802826 0.721922940195247 0 1.12781954887218 0 0 0
Meridon (OTUs:3) 1.284315299406 1.284315299406 0 0 0 0.0176479671747811 0 0 0.0368510755907688 0 0.931962946957028 0 0 0 0 0 0 0
Navicula 0 0 0 1.86577141329214 1.33175067311311 0 0.247071540446935 0.0379263754237087 3.13999127780201 0.239531991339997 1.09467379237343 0.270569887826234 0.434030020409745 0.0218764527331893 0 0.37593984962406 0 0 0
Neidium 0 0 0 0 0 0 0 0 0 0 0 0 0 0 0 0 0.225399732337818 0.856531049250535 0
Nitzschia (OTUs:3) 3.72451436827741 3.72451436827741 4.88428057874565 20.6826669754784 0.763761525513152 11.3564668769716 35.4990873965914 6.39627852885594 4.56953337325533 1.13598223736865 23.1186937487082 22.3628800992069 0.0437529054663786 0.467198754136656 0 0 2.14132762312634 1.02520290474156
No_Match (OTUs:31) 28.3833681168727 28.3833681168727 56.4366142784991 15.1935381141252 1.72851292616134 14.8860603119278 5.15798705762439 25.5269661287978 38.8226081348749 11.8692931952943 12.9121963134853 22.0321905598471 7.02234132735377 4.98345337745766 7.14285714285714 2.59209692188491 5.13918629550321 2.39214011106365
Pinnularia 0 0 0 0 0 0 1.00593412896252 0.0189631877118544 0 0.16582984015846 0 0 0 0 0 0.37593984962406 0 0 0
Planothidium (OTUs:12) 7.44902873655482 7.44902873655482 0.0831872604652545 0.312671897165687 0.020098987513504 2.32070768348371 0.0568895631355631 1.27925570577119 12.4188124740891 1.81757157978984 1.27769113695722 0.516702405249696 0 0 2.25563909774436 0 0 0
Proportion of reads of of of of of of of of of of of of of of of of of
Pseudostaurosira 0 0 0 0 0 0.341682787729568 0 0 0 0 0 0 0 0 0 0 0 0 0
Reimeria (OTUs:2) 0.385294589821801 0.385294589821801 1.21215722392228 0 0 0.0352959343495621 0 0.348887919755778 0.092127688976922 0 0 1.30209006122923 0 0 0 0 0 0.170867150790261
Rhoicosphenia 0 0 0 0.059419471760896 1.00749833531166 0 0.485319097306479 0 0.232591946503852 0 0 0 0.0206680962099879 0 0 0 0 0 0
Sellaphora 0 0 0 0 0.914854810225529 0 0.273543491209106 0.0189631877118544 0 0.0552766133861532 1.87264950645014 0 0 0 0 0 0 0 1.02520290474156
Staurosira 0 0 0 0.0118838943521792 0.463217625430648 31.5554103962013 0.370607310670402 0.0379263754237087 0 3.50085218112304 0 1.21756449521805 2.00480533236882 89.3434329623452 0 0 0 0 0
Stephanodiscus 0 0 0 0 0 0 1.23535770223467 0 0 0 0 0 0 0 0 0 0 0 0
Surirella 0 0 0 0 0 0 0 0 0 0 1.17729068236388 0 0 0 0 0 0.338099598506727 0 0
Thalassiosira 0 0 0 0.118838943521792 0.0694826438145972 0 0.0441199179369526 0.0189631877118544 0 0.0552766133861532 0 0 0 0 0 0 0 0 0.683468603161042
Ulnaria 0 0 0 0.0831872604652545 0.0810630844503633 0.20098987513504 0.0352959343495621 0 0.0581479866259631 0.884425814178451 0.0826168899904474 0 0 0 0 0 0 1.49892933618844 0
