718 	0.152730049637266
721 	0.458190148911798
081 	0.305460099274532
503 	0.11454753722795
679 	14.9293623520428
703 	0.0763650248186331
307 	0.0763650248186331
iDTM42_2671 	0.152730049637266
911 	0.11454753722795
868 	0.0381825124093165
728 	0.534555173730431
796 	0.229095074455899
767 	0.343642611683849
865 	0.725467735777014
066 	0.305460099274532
914 	0.11454753722795
087 	35.7770141275296
661 	0.190912562046583
817 	0.458190148911798
332 	0.99274532264223
s495 	0.0381825124093165
800 	0.0763650248186331
649 	0.725467735777014
000 	28.8659793814433
881 	0.0381825124093165
802 	0.229095074455899
716 	0.152730049637266
689 	2.13822069492173
722 	2.17640320733104
gHQ912403 	9.39289805269187
866 	0.0763650248186331
Proportion of reads identified as Diatoms : 99.6954701180053
