Strain
002
005
007
007
008
009
012
013
015
018
023
024
027
029
030
031
032
034
035
036
038
041
042
043
044
046
047
048
049
050
052
055
056
057
058
061
062
063
066
068
069
071
072
077
079
081
082
084
085
087
088
090
091
092
095
100
101
102
104
105
107
108
111
116
117
120
121
122
123
124
125
126
130
134
135
136
137
143
144
145
146
150
153
156
159
160
163
163
164
165
168
171
176
177
180
185
186
189
190
191
193
194
195
196
199
200
201
203
204
206
208
210
211
212
220
225
227
234
236
240
243
247
250
252
256
257
258
265
266
267
271
272
274
275
277
280
281
283
284
285
286
290
291
292
294
296
297
298
299
300
302
303
304
306
307
309
310
311
312
314
316
318
319
320
321
322
323
324
326
329
330
331
332
337
340
342
343
344
346
349
350
353
358
363
369
372
373
375
377
380
382
391
394
398
400
407
409
432
435
445
450
451
457
458
460
467
468
469
470
471
475
483
487
489
494
496
499
500
507
508
509
511
513
514
523
529
530
536
538
541
543
549
551
559
568
569
572
574
575
586
587
588
590
592
593
597
600
601
603
604
606
612
613
614
615
616
617
621
622
625
633
634
641
643
645
647
648
649
651
653
654
655
656
657
658
659
660
661
662
665
667
668
670
671
673
675
676
678
679
680
681
683
684
689
690
693
697
698
702
703
704
706
707
708
709
711
713
716
718
720
723
725
726
728
729
731
734
739
740
742
743
745
752
753
758
762
764
767
768
769
771
774
777
778
779
783
785
787
791
794
795
796
800
804
806
809
816
817
818
819
823
826
836
837
839
840
841
842
843
844
846
847
848
849
850
853
855
865
866
867
868
869
875
876
881
883
886
893
901
905
906
907
910
911
912
913
914
s495
