559 	0.102690490860546
081 	0.19168891627302
778 	0.198534948997056
679 	0.184842883548983
771 	0.0753063599644006
911 	0.246457178065311
796 	0.082152392688437
723 	0.198534948997056
893 	1.86212090093791
767 	9.54336961730677
914 	0.171150818100911
913 	0.0479222290682549
787 	0.0684603272403642
661 	0.150612719928801
740 	0.184842883548983
800 	0.417607996166222
iDTM44_274 	0.177996850824947
000 	12.5077017868145
906 	0.0479222290682549
843 	0.800985828712261
901 	0.294379407133566
307 	0.0889984254124735
703 	0.431300061614294
670 	0.082152392688437
867 	0.0342301636201821
707 	3.78585609639214
683 	0.00684603272403642
865 	1.43766687204765
066 	0.225919079893202
725 	0.123228589032656
675 	0.670911206955569
s495 	0.143766687204765
816 	0.19168891627302
684 	1.43082083932361
649 	0.0273841308961457
881 	0.082152392688437
716 	0.136920654480728
689 	63.1135756828918
866 	0.0684603272403642
gHQ912403 	0.164304785376874
171 	0.0205380981721093
768 	0.177996850824947
Proportion of reads identified as Diatoms : 99.6112929623568
