	0
503	1.16589408624807
795	0.0280938334035679
679	57.2271386430678
iDTM42_2671	0.0983284169124877
307	0.014046916701784
911	0.0421407501053519
728	0.014046916701784
893	0.014046916701784
767	0.014046916701784
914	0.0421407501053519
087	6.27897176569743
913	0.014046916701784
332	0.0421407501053519
800	0.014046916701784
758	0.014046916701784
649	0.0421407501053519
iDTM44_274	0.379266750948167
000	3.82076134288524
689	0.0280938334035679
722	24.9894648124737
gHQ912403	5.70304818092429
753	0.014046916701784
Proportion of reads identified as Diatoms : 99.9578770008425
