503 	1.57394458008391
795 	0.0379263754237087
679 	48.2850167113092
307 	0.0189631877118544
911 	0.0568895631355631
728 	0.0189631877118544
gJQ610175 	0.132742313982981
893 	0.0189631877118544
767 	0.0189631877118544
914 	0.0568895631355631
087 	5.29784056699931
913 	0.0189631877118544
332 	0.0568895631355631
800 	0.0189631877118544
758 	0.0189631877118544
451 	0.0379263754237087
649 	0.0568895631355631
iDTM44_274 	0.512006068220068
000 	5.15798705762439
689 	0.0379263754237087
722 	33.7355109393889
gHQ912403 	4.81190888188304
753 	0.0189631877118544
Proportion of reads identified as Diatoms : 74.0434568941309
