	0
081	0.363749740178757
503	1.6524631053835
679	8.6884223654126
911	0.0519642485969653
331	0.270214092704219
469	1.61089170650592
796	0.0623570983163583
723	4.67678237372688
893	0.821035127832052
767	11.5880274371233
914	0.280606942423613
471	0.166285595510289
706	0.0623570983163583
iDTM44_274	0.0103928497193931
000	15.1215963417169
906	0.0103928497193931
722	15.0384535439618
753	0.0623570983163583
901	0.332571191020578
721	0.769070879235086
718	0.904177925587196
027	0.124714196632717
307	0.0727499480357514
703	0.436499688214508
iDTM42_2671	1.30949906464353
868	0.0103928497193931
728	0.37414258989815
670	0.176678445229682
707	0.0623570983163583
087	29.4741218041987
817	0.124714196632717
s495	0.23903554354604
684	0.187071294949075
881	0.0103928497193931
689	0.862606526709624
855	0.0623570983163583
gHQ912403	3.92849719393058
Proportion of reads identified as Diatoms : 92.6261070465922
