718	0.152730049637266
693	0.458190148911798
s674	0.305460099274532
679	0.954562810232913
703	0.0763650248186331
307	0.0381825124093165
iDTM42_2671	0.152730049637266
911	0.11454753722795
868	0.0381825124093165
728	0.534555173730431
796	0.229095074455899
s860	0.229095074455899
767	0.343642611683849
865	0.725467735777014
066	0.305460099274532
gHQ912474	0.11454753722795
914	0.11454753722795
087	52.4627720504009
661	0.190912562046583
817	0.458190148911798
332	0.649102710958381
s495	0.0381825124093165
800	0.0763650248186331
649	0.725467735777014
000	30.9278350515464
881	0.0381825124093165
716	0.152730049637266
689	2.13822069492173
648	0.11454753722795
gHQ912403	6.68193967163039
866	0.458190148911798
Proportion of reads identified as Diatoms : 99.6954701180053
