721 	0.0166168162180126
718 	0.0166168162180126
503 	2.82485875706215
679 	35.2442671984048
703 	0.149551345962114
iDTM42_2671 	4.93519441674975
041 	0.0997008973080758
469 	0.515121302758392
723 	0.0166168162180126
865 	0.299102691924227
767 	2.37620471917581
914 	0.116317713526088
087 	3.40644732469259
787 	0.149551345962114
817 	0.166168162180126
675 	0.0166168162180126
332 	0.0332336324360253
s495 	0.0166168162180126
649 	0.0166168162180126
000 	20.2226653373214
802 	1.0468594217348
689 	0.132934529744101
841 	0.182784978398139
722 	14.423396477235
gHQ912403 	13.5759388501163
Proportion of reads identified as Diatoms : 100
