559	0.102972472025812
	0
081	0.192215281114849
778	0.199080112583236
679	0.185350449646461
771	0.075513146152262
911	0.247133932861948
796	0.0823779776206494
723	0.199080112583236
893	1.86723415940139
767	9.56957506693211
914	0.171620786709686
913	0.0480538202787122
787	0.0686483146838745
661	0.151026292304524
740	0.185350449646461
800	0.418754719571634
iDTM44_274	0.178485618178074
000	12.2674538340084
906	0.0480538202787122
843	0.803185281801332
901	0.29518775314066
307	0.0892428090890369
703	0.432484382508409
670	0.0823779776206494
867	0.0343241573419373
707	3.79625180201826
683	0.00686483146838745
865	1.44161460836136
066	0.226539438456786
725	0.123566966430974
675	0.67275348390197
s495	0.144161460836136
816	0.192215281114849
684	1.43474977689298
649	0.0274593258735498
881	0.0823779776206494
716	0.137296629367749
689	63.2868813070639
866	0.0686483146838745
gHQ912403	0.164755955241299
171	0.0205944944051624
768	0.178485618178074
Proportion of reads identified as Diatoms : 99.3385160938352
