	0
081	0.305810397553517
503	0.114678899082569
679	14.9464831804281
911	0.114678899082569
796	0.229357798165138
767	0.344036697247706
914	0.114678899082569
661	0.191131498470948
800	0.0764525993883792
000	28.7844036697248
722	2.17889908256881
718	0.152905198776758
721	0.458715596330275
703	0.0764525993883792
307	0.0764525993883792
iDTM42_2671	0.152905198776758
868	0.0382262996941896
728	0.535168195718654
865	0.726299694189602
066	0.305810397553517
087	35.8180428134557
817	0.458715596330275
332	0.99388379204893
s495	0.0382262996941896
649	0.726299694189602
881	0.0382262996941896
802	0.229357798165138
716	0.152905198776758
689	2.14067278287462
gHQ912403	9.40366972477064
866	0.0764525993883792
Proportion of reads identified as Diatoms : 99.5812714122573
