	0
836	0.114351057747284
778	0.323994663617305
503	2.61101581856299
679	0.0190585096245474
911	0.0952925481227368
469	0.133409567371832
796	0.0381170192490947
893	0.0381170192490947
767	6.72765389746522
869	0.152468076996379
914	12.0259195730894
787	0.0190585096245474
690	0.0381170192490947
590	0.209643605870021
458	0.133409567371832
740	0.0762340384981894
iDTM44_274	0.114351057747284
000	62.2069754145226
722	1.82961692395655
901	0.228702115494568
753	0.0571755288736421
849	0.0381170192490947
iDTM42_2671	1.21974461597103
208	0.343053173241852
865	0.495521250238231
087	6.78482942633886
126	0.0381170192490947
847	0.0190585096245474
332	0.0190585096245474
s495	0.419287211740042
649	0.114351057747284
881	0.800457404230989
802	0.0952925481227368
716	0.0571755288736421
689	0.323994663617305
171	0.114351057747284
gHQ912403	1.92490947207928
Proportion of reads identified as Diatoms : 93.246845566021
