836	0.106932810550704
778	0.302976296560328
679	0.017822135091784
911	0.08911067545892
469	0.124754945642488
796	0.035644270183568
893	0.035644270183568
767	6.29121368739975
869	0.142577080734272
914	11.2457672429157
gHQ912474	2.3346996970237
787	0.017822135091784
690	0.035644270183568
590	0.196043486009624
458	0.124754945642488
740	0.071288540367136
451	2.86936374977722
iDTM44_274	0.142577080734272
000	59.9714845838531
633	3.10105150597042
901	0.213865621101408
753	0.053466405275352
849	0.035644270183568
208	0.320798431652112
iDTM42_2671	1.10497237569061
s860	0.08911067545892
865	0.463375512386384
087	7.75262876492604
126	0.035644270183568
847	0.017822135091784
332	0.017822135091784
s495	0.392086972019248
681	0.53466405275352
649	0.106932810550704
881	0.748529673854928
716	0.053466405275352
689	0.302976296560328
171	0.106932810550704
gHQ912403	0.392086972019248
Proportion of reads identified as Diatoms : 99.7156566554114
