Achnanthes_conspicua 0 0 0 0.952380952 0.657894737 13.68078176 0 0 0 0 0 0 0.632911392 0 0 0 0 0
Achnanthes_oblongella 84.0625 84.0625 0 0 0 0 0 0 11.78247734 0 0 0 0 0 0 0 0 0.327868852
Achnanthes_sp 0 0 0 0 0.328947368 0 0 0 0 0 0 0 0 0 0 0 0 0
Achnanthidium_biasolettianum 0 0 0 0 6.578947368 0 0 2.208201893 0 0 0 0 7.278481013 0 0 0 0 0
Achnanthidium_minutissimum_type 5.3125 5.3125 28.39506173 2.53968254 8.223684211 0 4.848484848 8.517350158 3.927492447 10.15873016 4.682274247 0 12.65822785 12.5 4.024767802 91.91919192 33.97435897 4.918032787
Amphipleura_pellucida 0 0 0 0 0 0 0 0 0 0 0 0 1.265822785 0 0 0 0 0
Amphora_libyca 0 0 0 0 0.657894737 0 0 0.315457413 0.906344411 0 0.334448161 0 0 0 0 0 0 0
Amphora_ovalis 0 0 0 0 0 0 0 0 0 0.634920635 0.334448161 0 0 0 0 0 0 0
Amphora_pediculus 0.9375 0.9375 1.851851852 4.444444444 8.552631579 23.12703583 15.45454545 39.11671924 3.927492447 0 31.43812709 3.857566766 1.898734177 16.07142857 16.40866873 0 0 20.6557377
Amphora_sp 0 0 0 0 0 0 0 0.315457413 0 0 0.668896321 0 0.632911392 0 0 0 0 0
Amphora_veneta 0 0 0 0 0 0 0 0 0 0.317460317 0 0.296735905 0 0.892857143 0 0 0 0
Aulacoseira_sp 0 0 0 0.634920635 0 2.605863192 0 0 0 0 0 0 0 0 0 0 0 0
Caloneis_bacillum 0 0 0 0 1.973684211 0.651465798 0 0 0.604229607 0 0 0 0 0 1.547987616 0 0 0
Campylodiscus_hibernicus 0 0 0 0 0 0 0 0 0 0 0 0 0.316455696 0 0 0 0 0
Cocconeis_pediculus 0 0 0 0.952380952 0.986842105 0 0 0.630914826 0 0 2.006688963 0 0 0.892857143 0.619195046 0 0 0.655737705
Cocconeis_placentula 0 0 0 0 0.328947368 0 0 0 0 1.26984127 0 0 0 0.595238095 0 0 0 3.278688525
Cocconeis_placentula_var_euglypta 0.9375 0.9375 3.395061728 5.714285714 0.657894737 3.583061889 0.303030303 6.309148265 0 41.9047619 4.347826087 1.483679525 0.316455696 5.05952381 0.92879257 0 0 10.49180328
Cocconeis_placentula_var_lineata 0 0 0.308641975 0.317460317 0.657894737 0 0 0.315457413 0.604229607 8.571428571 0.668896321 0.59347181 0 0 0 0 0 1.639344262
Cocconeis_placentula_var_pseudolineata 0.625 0.625 0 0 0 10.09771987 0 0 0 0 0 0 0 0.892857143 0 0 0 8.852459016
Cyclotella_atomus 0 0 0 0 0 0.325732899 0 0 0 0 0 0 0 0 0 0 0 0
Cyclotella_meneghiniana 0 0 0 0.317460317 6.578947368 0.325732899 0 0 0.302114804 0 0 0 0 0 0 0 0 0
Cyclotella_sp 0 0 0 0.634920635 0 2.931596091 0 0 0 0 0 0 0 0 0 0 0 0
Cymbella_affinis 0 0 0 0 0.657894737 0 0 0 0 0 0 0 0 0 0 0 0 0
Cymbella_cistula 0 0 0 0 0 0 0 0 0 0 0 0 0 0 0.309597523 0 0 0
Cymbella_helvetica 0.3125 0.3125 0 0 0 0 0 0 0 0 0 0 0 0 0 0 0 0
Cymbella_microcephala_ 0 0 0 0 3.289473684 0 0 0 0 0 0 0 0.949367089 0 0 0 0 0
Cymbella_sp 0 0 0 0 0 0 0 0 0.302114804 0 0 0 0 0 0 0 0 0
Cymbella_tumida 0 0 0 0 0 0 0.606060606 0 0 0 0 0 0 0 0 0 0 0
Denticula_tenuis 0 0 0 0 0.657894737 0 0 0 0 0 0 0 0.949367089 0 0 0 0 0
Diadesmis_contenta_fo_biceps 0.625 0.625 0 2.222222222 0 0 0 0.315457413 0.302114804 0 0 0 0 0 0 0 0 0
Diadesmis_gallica 0 0 0 0 0 0 0 0 0 0 0 0.296735905 0 0 0 0 0 0
Diatoma_moniliformis 0 0 0.925925926 0 0 0 0 0 0 0 0 0 0 0 0 0 0 0
Diatoma_problematica 0 0 0 0 0 0 0 0 0 0 0 0.296735905 0 0 0 0 0 0
Diatoma_vulgare 0 0 0.925925926 0.952380952 0 0 0 0 0 0 0 4.451038576 0 0 2.786377709 0 0 0
Diploneis_sp 0 0 0 0 0 0 0 0 0 0 0.668896321 0 0.316455696 0 0 0 0 0
Ellerbeckia_arenaria 0 0 0 0 0 2.931596091 0 0 0 0 0 0 0 0 0 0 0 0
Encyonema_caespitosum 0 0 0 0 0 0 0 0 0 0.634920635 0 0 0 0 0 0 0 0
Encyonema_minutum 0 0 0.925925926 0 0 0 0 0 0 0 0 0 0.632911392 0 0 0 0 0
Encyonema_prostratum 0 0 0 0 0 0 0 0.315457413 0 0 0 0 0 0 0 0 0 0
Encyonema_silesiacum 0 0 0 2.222222222 0 0 0.606060606 0 0 1.26984127 0.668896321 3.264094955 0 0 0.619195046 0 0 0
Encyonema_ventricosum 0 0 0 0 0 0 0 0.315457413 0 0 0 0 0 0 0 0 0 0
Eolima_minima 0 0 0 1.587301587 0.657894737 1.628664495 0 0.315457413 1.208459215 0.952380952 13.04347826 3.857566766 0.632911392 0.892857143 1.238390093 7.070707071 63.78205128 23.27868852
Eunotia_bidentula 0 0 0 0 0 0 0 0 0 0 0 0 0 0 0 0 0.320512821 0
Eunotia_formica 0 0 0 0 0 0 0 0 37.16012085 0.952380952 0 0 0 0 0 0 0 0
Eunotia_minor 0 0 0 0 0.986842105 0 0 0 3.927492447 0 0 0 0.316455696 0 0 0 0 0
Eunotia_sp 0 0 0 0.317460317 0 0 0 0 0 0.634920635 0 0 0 0 0 0 0 0
Eunotia_subarcuatoides 0 0 0 0 0 0 0 0 0.906344411 0 0 0 0 0 0 0 0 0
Eunotia_tenella 0 0 0 0 0 0 0 0 0.302114804 0 0 0 0 0 0 0 0 0
Fallacia_helensis 0 0 0 0 0.657894737 0 0.909090909 0 0 0 0 0 0 0 0.309597523 0 0 0
Fallacia_sp 0 0 0 0 0 0 0.303030303 0 0 0 0 0 0.316455696 0 0 0 0 0
Fallacia_subhamulata 0 0 0 0 0.657894737 0 0 0.315457413 0 0 1.672240803 0.296735905 0 0 0.92879257 0 0 0
Fragilaria_bidens 0 0 0 0 0.328947368 0 0 0 0 0 0 0 0.949367089 0 0.309597523 0 0 0
Fragilaria_capucina_var_distans 0 0 0 3.174603175 0 0 0 0 0 0 0 0 0 0 0 0 0 0
Fragilaria_capucina_var_gracilis 0 0 0.617283951 0.634920635 5.921052632 0 0 0 0.604229607 0 0 4.451038576 15.18987342 0 0.619195046 0 0.641025641 0.655737705
Fragilaria_capucina_var_mesolepta 0 0 0 0 0 0 0 0 0 0 0 0 8.227848101 0 0 0 0 0
Fragilaria_sp 0 0 0 0 0 0 0 0 0 0 0 0 0.316455696 0 0 0 0 0
Fragilaria_vaucheriae 0 0 3.086419753 0.634920635 0.328947368 0 0 0 0.604229607 0 0 6.231454006 9.17721519 8.333333333 0.619195046 0 0 0
Fragilaria_vaucheriae_var_capitellata 0 0 0 0.317460317 0 0 0 0 0 0 0 0.59347181 0 0 0 0 0 0
Frustulia_rhomboides 0 0 0 0 0 0 0 0 0.604229607 0 0 0 0 0 0 0 0 0
Gomphonema_acuminatum 0 0 0 0 0.328947368 0 0.303030303 0 0 0 0.668896321 0 0 0 0 0 0 0
Gomphonema_angustatum 0 0 0 0 0 0 0 0 0.604229607 0 0 0 0 0 0 0 0 0
Gomphonema_clavatum 0 0 0 0 0.657894737 0 0 0.630914826 0 0 0 0 0 0 0 0 0 0
Gomphonema_grovei 0 0 0 0 0 0 0 0 0 0 2.341137124 0 0 0 0 0 0 0
Gomphonema_intricatum_type 0.625 0.625 0 0 3.289473684 0.325732899 0 0 0 0 0 0 1.898734177 0 0 0 0 0
Gomphonema_minutum 0 0 0 0.634920635 0 0 0 0 0 0 0 0 0 0 0.619195046 0 0 0.327868852
Gomphonema_olivaceum 0 0 3.086419753 0.317460317 2.302631579 0 0 0.630914826 0.302114804 0 0 0.59347181 0 0 0 0 0 0
Gomphonema_parvulum 0 0 0 0.952380952 0 0 0 0.315457413 0 0.952380952 0.334448161 2.077151335 0 0 0.309597523 0 0 0.327868852
Gomphonema_pumilum 0 0 1.234567901 0 0 0 0 0.630914826 0 0 0.334448161 0 0 0 0 0 0 0
Gomphonema_sp 0 0 0.925925926 0 1.315789474 4.885993485 0 2.839116719 0 0.317460317 0 0.296735905 0 0 0 0 0 0
Gomphonema_tergestinum 0 0 22.22222222 0 0 0 0 0 0 0 0 0 0 0 0 0 0 0
Gomphonema_truncatum_var_capitatum 0 0 0 0 0 0 0 0.315457413 0 0 0 0 0 0 0 0 0 0
Hantzschia_amphioxys 0 0 0 0.317460317 0 0 0 0 0 0 0 0 0 0 0 0 0 0
Karayevia_laterostrata 0 0 0 0 0 0 0 0 7.250755287 0 0 0 0 0 0 0 0 0
Kolbesia_ploenensis 0 0 0 0 0 16.28664495 0 0.315457413 1.208459215 0 0.668896321 0 0 2.678571429 0 0 0 0
Lemnicola_hungarica 0 0 0 0 0 0 0 0 0 0 0 0.296735905 0 0 0 0 0 0
Luticola_goeppertiana 0 0 0 0.317460317 0 0 0 0 0 0 0 0.296735905 0 0 0 0 0 0
Luticola_mutica 0 0 0 0.317460317 0 0.325732899 0 0 0 0 0 0 0.316455696 0 0 0 0 0
Melosira_varians 0.3125 0.3125 0.617283951 10.79365079 0 0.651465798 0 0.94637224 11.48036254 5.396825397 0.334448161 10.38575668 12.02531646 0.595238095 6.191950464 0 0 0
Meridion_circulare_var_constrictum 0 0 0 0 0 0 0 0 0 0 0 0 0 0 0 0 0.320512821 0
Navicula_atomus 0 0 0 0 0.986842105 0 0 0 0 0 0 0 0 0 0.619195046 0 0 0
Navicula_atomus_var_permitis 0 0 0 0 0 0 0 0 0 0.634920635 0 0 0 0.297619048 0 0 0 0
Navicula_capitata 0 0 0 0 0.328947368 0 0 0 0.302114804 0 0.334448161 0 0 0 0 0 0 0.655737705
Navicula_capitatoradiata 0 0 0 0.317460317 1.315789474 0 1.515151515 0 0 0.952380952 0.334448161 0 0 0 0.619195046 0 0 0
Navicula_cincta 0 0 0 0 0.328947368 0 0 0 0.302114804 0 0 0 0 0 0 0 0 0.327868852
Navicula_cryptocephala 0 0 0 0 0 0 0 0.630914826 0.302114804 0.634920635 0.334448161 0.296735905 0 0 0 0 0 0
Navicula_cryptotenella 0 0 4.62962963 3.80952381 2.302631579 0 0.606060606 3.154574132 0 1.26984127 0.668896321 2.96735905 1.582278481 0 4.953560372 0 0 0.327868852
Navicula_cryptotenelloides 0 0 0 0 0 0 0 2.523659306 0 0 0 0 0 0 0 0 0 0
Navicula_gregaria 0 0 1.234567901 9.841269841 0 1.628664495 3.03030303 3.154574132 0 0.634920635 3.344481605 1.18694362 0 1.19047619 4.024767802 0 0 0.655737705
Navicula_ignota_var_acceptata 0.3125 0.3125 0 0.317460317 0 0 0 0.630914826 0 0 0 2.670623145 0 0 1.238390093 0 0 0
Navicula_ignota_var_palustris 0 0 0 0 0 0 0 0 0 0 0 0 0 0 0 0 0 0.655737705
Navicula_joubaudii 0 0 0 0 0 0 0 0 0 0 0 0 0 0 0.309597523 0 0 0
Navicula_lanceolata 0 0 0.308641975 0.952380952 0 1.302931596 0.606060606 1.577287066 0.906344411 0 0.668896321 0.296735905 0 0 1.857585139 0 0 0
Navicula_menisculus 0 0 0 0 0.328947368 0 0 1.261829653 0 0 0.668896321 1.78041543 0 0.595238095 4.024767802 0 0 0
Navicula_molestiformis 0 0 0 0 0 0 0 0 0 0.634920635 0 0 0 0 0 0 0 0
Navicula_radiosa 0 0 0.308641975 0 0.328947368 0 0 0 0 0 0 0 0 0 0 0 0 0
Navicula_recens 0 0 0 0 0 0 6.363636364 0 0 0 0 0 0 0 0 0 0 0
Navicula_reichardtiana 0 0 0.617283951 0.317460317 0 0 0 0.315457413 0 0 0 0.296735905 0 0 0.309597523 0 0 0
Navicula_rhynchocephala 0 0 0 0 0 0 0 0 0.604229607 0 0 0 0 0 0 0 0 0
Navicula_slesvicensis 0 0 0 0 0 0 0 0 0 0 0.334448161 0 0 0 0 0 0 0
Navicula_[small_species] 0.625 0.625 0 0.317460317 0.986842105 0 0 0 0.604229607 0 0.334448161 0 0.316455696 0.892857143 0.309597523 0 0.320512821 0
Navicula_sp 0 0 0 0 0 0 0 0 0 0 0.334448161 0 0.316455696 0 0 0 0 0
Navicula_subminuscula 0 0 0 0.317460317 0.328947368 0 0 0 0 0 0.668896321 0 0 0 0.309597523 0 0 0
Navicula_subrotundata 0 0 0 0 0.328947368 0 0 0 0 0 0 0 0.949367089 0 0 0 0 0
Navicula_suchlandtii 0 0 0 0 0 0 0 0 0 0 0 0 0 0 0 0 0 2.950819672
Navicula_tenelloides 0 0 0 0 0 0.651465798 0 0 0 0 0 0 0 0 0 0 0 0
Navicula_tripunctata 0 0 0.925925926 0.952380952 1.315789474 0.651465798 2.121212121 1.261829653 0 1.26984127 0.668896321 0.59347181 0.316455696 0 2.167182663 0 0 0.655737705
Neidium_sp 0 0 0 0 0 0 0 0 0 0 0 0 0 0 0 0.336700337 0 0
Nitzschia_acicularis 0 0 0 0 0 0 5.454545455 0 0 0.634920635 0 0 0 0 0 0 0 0
Nitzschia_amphibia 0 0 0 2.53968254 0.328947368 0 0 0.630914826 1.208459215 0.634920635 2.675585284 5.934718101 0 0 0 0 0 0.327868852
Nitzschia_archibaldii 0 0 0 0 0 0 0 0 0 1.587301587 0 0 0 1.785714286 0 0 0 0
Nitzschia_capitellata 0 0 0 0 0 0.325732899 1.515151515 0 1.510574018 0 0.334448161 0 0 0 0 0 0 0
Nitzschia_communis 0 0 0 0.317460317 0 0 0 0 0 0 0 0 0 0 0 0 0 0
Nitzschia_dissipata 0 0 16.97530864 0.634920635 1.315789474 0 25.45454545 4.731861199 0 0 1.337792642 3.560830861 0.316455696 0.297619048 13.62229102 0 0 0
Nitzschia_dissipata_subsp_media 0 0 0 0 0 0.325732899 0 0.630914826 0 0 0 0 0 0.595238095 1.238390093 0 0 0
Nitzschia_dubia 0 0 0 0 0 0 0.303030303 0 0 0 0 0 0 0 0 0 0 0
Nitzschia_fonticola 0 0 1.851851852 8.888888889 0 0 3.03030303 1.577287066 0 3.492063492 0.334448161 10.97922849 0 2.678571429 7.430340557 0 0 0
Nitzschia_frustulum 0 0 0 0.317460317 0 0 0 0 0 0 0 0 0 0 0 0 0 0
Nitzschia_gracilis 0 0 0 0 0 0 6.060606061 0 0 1.26984127 0 0 0 0 2.786377709 0 0 0
Nitzschia_heufleriana 0 0 0 0 0 0 0 0 0 0 0 0 0.316455696 0 0.619195046 0 0 0
Nitzschia_inconspicua 0 0 0 11.11111111 0 0 0 0 0 0 0 0.59347181 0 1.488095238 0.309597523 0 0 4.590163934
Nitzschia_intermedia 0 0 0 0 0 0 0 0.315457413 0 0 0 0 0 0 0 0 0 0
Nitzschia_linearis 0 0 0 0 0 0 0.606060606 0 0.302114804 0 0 0.296735905 2.215189873 0 0.619195046 0 0 0
Nitzschia_palea 0 0 0 4.444444444 0 0 0 0 0 0.317460317 0.668896321 5.637982196 1.582278481 0 0.309597523 0 0.641025641 0
Nitzschia_paleacea 0 0 0 0 0 0 0 0 0 0.952380952 0 1.18694362 0 0.595238095 0 0 0 0
Nitzschia_palea_var_debilis 0 0 0 0.634920635 0 0 2.424242424 0 0 0.317460317 0 0 0 0 0 0 0 0
Nitzschia_pusilla 0 0 0 4.444444444 0 0 0 0 0 0 0 0 0 0 0 0 0 0
Nitzschia_recta 0 0 0 0 0 0 0 0 0 0 0 0 0.316455696 0 0 0 0 0
Nitzschia_sigma 0 0 0.308641975 0 0 0 0.303030303 0 0 0 0 0 0 0 0 0 0 0
Nitzschia_sociabilis 0 0 0 0 0 0.325732899 2.727272727 1.577287066 0 0 1.003344482 0 0.949367089 0 0 0 0 0
Nitzschia_soratensis 0 0 0.308641975 0 0 0 0 0 0 0 1.003344482 0 0 0 0 0 0 0
Nitzschia_sp 0 0 0 0.317460317 0 0 3.636363636 0.315457413 0 0.952380952 0 1.78041543 1.582278481 0 0.309597523 0 0 0
Pennate_undif 0 0 0 0 0 0.651465798 1.212121212 0 0.302114804 0 0 2.37388724 0 0 0 0 0 0
Pinnularia_sp 0 0 0 0 0 0.325732899 0 0 0 0 0 0 0.632911392 0 0 0.673400673 0 0
Planothidium_frequentissimum 0.625 0.625 0 0.634920635 0 0.977198697 0 0 1.510574018 0.634920635 0.668896321 1.18694362 0 36.30952381 1.547987616 0 0 0.983606557
Planothidium_granum 0 0 0 0 0 0 0 0 0 0 14.71571906 0 0 0 0 0 0 0
Planothidium_lanceolatum 1.875 1.875 0 0.952380952 0 1.302931596 1.212121212 0.94637224 2.114803625 2.53968254 0 0 0 0.595238095 0.619195046 0 0 1.31147541
Planothidium_rostratum 0 0 0 0 0.328947368 0 0 0 0.302114804 0 0 0 0 0 0 0 0 0
Psammothidium_lauenburgianum 0 0 0 0 0.328947368 0 0 0 0 0 0 0 0 0 0 0 0 0
Psammothidium_subatomoides 0 0 0 0 0 0 0 0 0 0 0 0 0 0 0 0 0 0.327868852
Pseudostaurosira_brevistriata 0.3125 0.3125 0 1.26984127 27.30263158 0 0 0.94637224 0 0 0 0 0 0 0 0 0 0
Reimeria_sinuata 0.625 0.625 1.543209877 0.317460317 0 0 0 0.630914826 0.302114804 0 0 5.934718101 0 0.297619048 0 0 0 1.967213115
Reimeria_uniseriata 0 0 0 0 0 0 0 1.577287066 0 0 0 0 0 0 0 0 0 0.655737705
Rhoicosphenia_abbreviata 0.9375 0.9375 2.469135802 2.857142857 0 11.40065147 0 5.047318612 0 0 2.006688963 0.59347181 0 0.595238095 0.92879257 0 0 5.573770492
Rossithidium_pusillum 0.3125 0.3125 0 0 0 0 0 0 0 0 0 0 0 0 0 0 0 0
Sellaphora_pupula 0 0 0 0 0.986842105 0 0 0 0 0 0 0 0.632911392 0 0 0 0 0
Sellaphora_seminulum 0.3125 0.3125 0 2.222222222 0 1.302931596 0 0 0.604229607 5.079365079 0 0.296735905 0.316455696 0 0 0 0 1.639344262
Simonsenia_delognei 0 0 0 0 0 0 4.848484848 0 0 0 0 0 0.316455696 0 0 0 0 0
Staurosira_construens 0 0 0 0 2.302631579 0 0 0 0 0 0 0.890207715 1.898734177 0 0 0 0 0.983606557
Staurosirella_leptostauron 0 0 0 0 0 0 0 0 0 0 0 0 4.430379747 0 0 0 0 0
Staurosirella_pinnata 0 0 0 0 2.631578947 0 0.303030303 0 0 0 0 0 2.215189873 0 0 0 0 0
Stephanodiscus_sp 0 0 0 0 0 0.977198697 0 0 0 0 0 0 0 0 0 0 0 0
Surirella_amphioxys 0 0 0 0 0 0 0.303030303 0 0 0 0.334448161 0 0.632911392 0 0 0 0 0
Surirella_angusta 0 0 0 0 0 0 0.303030303 0 0 0 0 0 0.316455696 0 0 0 0 0
Surirella_brebissonii 0 0 0 0 0 0 1.515151515 0.315457413 0.302114804 0.952380952 0 2.670623145 0 0 4.334365325 0 0 0
Synedra_acus 0 0 0 0 0 0 0 0 0 0 0 0.59347181 0.316455696 0.297619048 0.309597523 0 0 0
Synedra_famelica 0 0 0 0 0 0 0.303030303 0 0 0 0 0 0 0 0 0 0 0
Synedra_parasitica 0 0 0 0 0 0 0 0 0 0 0 0 0.316455696 0 0 0 0 0
Synedra_parasitica_var_subconstricta 0 0 0 0 0 0.325732899 0 0 0 0 0 0 0 0 0 0 0 0
Synedra_tenera 0 0 0 0 2.302631579 0 0 0 0 0 0 0 0 0 0 0 0 0
Synedra_ulna 0 0 0 0 1.644736842 0 0 0 0 0 0 1.18694362 0 0 1.238390093 0 0 0
Tabularia_fasciculata 0 0 0 0.317460317 0 0 0 0 0 0.317460317 0 0.296735905 0 2.083333333 2.167182663 0 0 0
Tryblionella_apiculata 0 0 0 0 0 0.325732899 0.909090909 0.315457413 0 0 0 0 0 0 2.167182663 0 0 0
Tryblionella_debilis 0.3125 0.3125 0 0 0 0 0 0 0 0.317460317 1.003344482 0 0 0 0 0 0 0
Tryblionella_sp 0 0 0 0 0 0 0 0 0 0 0 0 0 0 0.309597523 0 0 0
