656 	0.273329570100122
643 	0.0356516830565376
559 	0.0831872604652545
081 	0.617962506313319
778 	0.0118838943521792
309 	0.059419471760896
593 	0.0118838943521792
679 	0.48278320805728
771 	0.0356516830565376
911 	3.18488368638403
331 	0.0118838943521792
469 	0.392168513621914
041 	0.0713033661130753
445 	12.9059092664666
586 	0.0713033661130753
052 	0.0237677887043584
723 	0.190142309634867
767 	2.51938560266199
914 	0.0356516830565376
787 	0.0118838943521792
913 	0.0475355774087168
661 	0.202026203987047
883 	0.118838943521792
690 	0.15449062657833
800 	0.0237677887043584
706 	0.0475355774087168
iDTM113_247 	0.0118838943521792
000 	56.4366142784991
906 	0.059419471760896
901 	0.0713033661130753
718 	0.059419471760896
063 	0.059419471760896
721 	1.03389880863959
208 	0.534775245848064
307 	0.237677887043584
703 	0.915059865117799
314 	0.15449062657833
868 	0.332749041861018
707 	6.20339285183755
865 	0.0356516830565376
725 	0.0118838943521792
087 	0.267387622924032
gHQ912451 	0.0118838943521792
847 	0.558543034552423
817 	1.2002733295701
675 	0.059419471760896
332 	0.237677887043584
s495 	0.0118838943521792
569 	0.0237677887043584
649 	3.47009715083633
684 	3.05416084851006
881 	0.0356516830565376
802 	1.21215722392228
568 	0.0118838943521792
689 	0.059419471760896
648 	0.0118838943521792
855 	0.45158798538281
311 	0.225793992691405
gHQ912403 	1.31465581270982
Proportion of reads identified as Diatoms : 98.7762648198145
