836 	0.110553226772306
778 	0.313234142521535
503 	2.52429867796766
679 	0.0115159611221153
911 	0.092127688976922
iDTM100_4 	5.39868257404763
469 	0.128978764567691
006 	0.0552766133861532
796 	0.0368510755907688
gJQ610175 	1.27136210788152
iDTM47_46 	15.6064305126906
893 	0.0368510755907688
767 	6.5042148417707
869 	0.147404302363075
914 	11.6265143488876
iDTM42_17 	0.0368510755907688
787 	0.0184255377953844
690 	0.0368510755907688
590 	0.202680915749228
458 	0.128978764567691
740 	0.0737021511815376
451 	2.96651158505689
000 	38.8226081348749
633 	3.20604357639689
722 	1.7688516283569
901 	0.221106453544613
753 	0.0552766133861532
849 	0.0368510755907688
208 	0.331659680316919
865 	0.479063982679994
087 	4.09968215947303
126 	0.0368510755907688
847 	0.0184255377953844
332 	0.0184255377953844
s495 	0.405361831498457
649 	0.110553226772306
681 	0.534340596066148
881 	0.773872587406145
802 	0.092127688976922
716 	0.0552766133861532
gKF959642 	0.0184255377953844
689 	0.313234142521535
171 	0.110553226772306
gHQ912403 	1.16311207333364
Proportion of reads identified as Diatoms : 96.4501510574018
