559	0.102690490860546
778	0.198534948997056
081	0.0547682617922914
679	0.232765112617238
911	0.212227014445129
771	0.198534948997056
796	0.00684603272403642
723	0.198534948997056
893	1.86212090093791
767	9.55021565003081
914	0.171150818100911
787	0.0684603272403642
661	0.130074621756692
740	0.184842883548983
800	0.417607996166222
iDTM44_274	0.198534948997056
000	12.2064763469569
906	0.0273841308961457
843	1.1090573012939
901	0.321763538029712
s674	0.150612719928801
307	0.116382556308619
703	0.431300061614294
670	0.00684603272403642
867	0.109536523584583
707	3.92962278359691
487	0.273841308961457
865	1.43766687204765
066	0.225919079893202
725	0.0342301636201821
675	0.670911206955569
816	0.0547682617922914
s495	0.123228589032656
684	1.43082083932361
881	0.082152392688437
716	0.136920654480728
689	63.1204217156158
866	0.0684603272403642
171	0.0205380981721093
gHQ912403	0.116382556308619
768	0.00684603272403642
Proportion of reads identified as Diatoms : 99.6112929623568
