	0
503	3.71134020618557
679	2.78350515463918
iDTM42_2671	1.03092783505155
911	1.34020618556701
041	1.34020618556701
723	0.103092783505155
586	0.103092783505155
914	0.103092783505155
gHQ912474	3.60824742268041
087	16.2886597938144
647	1.75257731958763
332	0.103092783505155
731	0.824742268041237
706	0.103092783505155
000	10.8247422680412
881	0.927835051546392
689	1.23711340206186
722	0.103092783505155
791	0.309278350515464
855	0.103092783505155
gHQ912403	52.5773195876289
901	0.721649484536082
Proportion of reads identified as Diatoms : 18.4726718720244
