	0
643	0.0353190487402873
559	0.0824111137273369
081	0.612196844831646
778	0.0117730162467624
309	0.0588650812338121
593	0.0117730162467624
679	0.765246056039557
771	0.0353190487402873
911	3.15516835413233
331	0.0117730162467624
469	0.38850953614316
041	0.0706380974805745
445	12.785495643984
586	0.0706380974805745
052	0.0235460324935248
723	0.188368259948199
767	2.49587944431363
914	0.0353190487402873
787	0.0117730162467624
913	0.0470920649870497
661	0.200141276194961
883	0.117730162467624
690	0.153049211207911
800	0.0235460324935248
706	0.0470920649870497
iDTM113_247	0.0117730162467624
000	55.9100541558747
906	0.0588650812338121
901	0.0706380974805745
718	0.0588650812338121
063	0.0588650812338121
721	1.02425241346833
208	0.529785731104309
307	0.235460324935248
703	0.906522251000706
314	0.153049211207911
868	0.329644454909348
707	6.14551448080998
865	0.0353190487402873
725	0.0117730162467624
087	0.423828584883447
847	0.553331763597834
817	1.189074640923
675	0.0588650812338121
332	0.235460324935248
s495	0.0117730162467624
569	0.0235460324935248
649	3.43772074405463
684	3.02566517541794
881	0.0353190487402873
802	1.20084765716977
568	0.0117730162467624
689	0.0588650812338121
855	0.447374617376972
311	0.223687308688486
gHQ912403	2.08382387567695
Proportion of reads identified as Diatoms : 99.7065383260946
