656	0.281723206949172
559	0.117384669562155
778	0.0117384669562155
693	0.176077004343233
593	0.0117384669562155
679	0.6808310834605
911	2.44160112689283
771	0.023476933912431
041	0.0704308017372931
469	0.410846343467543
445	15.905622725672
052	0.023476933912431
723	0.187815471299448
586	0.0704308017372931
767	2.48855499471769
914	0.0352154008686466
787	0.0117384669562155
913	0.117384669562155
661	0.23476933912431
883	0.117384669562155
690	0.117384669562155
800	0.0469538678248621
706	0.0469538678248621
iDTM113_247	0.856908087803733
000	55.6990257072426
906	0.023476933912431
901	0.0469538678248621
718	0.0586923347810776
063	0.0586923347810776
s674	0.633877215635638
314	0.0117384669562155
208	0.528231013029698
307	0.305200140861603
703	0.903861955628595
868	0.352154008686466
s860	1.17384669562155
707	6.87874163634229
865	0.0352154008686466
087	0.0352154008686466
gHQ912451	0.0117384669562155
847	0.10564620260594
817	1.19732362953398
675	0.0352154008686466
332	0.23476933912431
s495	0.0117384669562155
569	0.023476933912431
684	0.457800211292405
649	3.33372461556521
881	0.0352154008686466
568	0.0117384669562155
689	0.0586923347810776
855	0.481277145204836
311	0.223030872168095
gHQ912403	2.54724732949877
Proportion of reads identified as Diatoms : 100
