# shannon.txt
# SampleID
xaxis: 10.0	19.0	28.0	37.0	46.0	55.0	64.0	73.0	82.0	91.0	100.0	
xmax: 109.0
>> DTM44
color #008000
series 1.53011923169	1.74984550472	1.71380513249	1.66462531647	1.63836356832	1.74467128373	1.67674289401	1.67373203542	1.73105541401	1.72644047414	1.73326992861	
error nan	nan	nan	nan	nan	nan	nan	nan	nan	nan	nan	
>> DTM45
color #91278d
series 1.97282944068	2.03259514664	2.21810169703	2.18004769826	2.28866685542	2.25247172735	2.304263132	2.27207426213	2.30589603208	2.31537659344	nan	
error nan	nan	nan	nan	nan	nan	nan	nan	nan	nan	nan	
>> DTM47
color #ffff00
series 2.04750875093	2.44139307028	2.37468467224	2.4737746443	2.48584571299	2.57133834771	2.55150116018	2.63955344791	2.63498080976	2.65604067556	2.94272406061	
error nan	nan	nan	nan	nan	nan	nan	nan	nan	nan	nan	
>> DTM34
color #0000ff
series 1.25366797107	1.40467201918	1.6359408803	1.6264290982	1.68016571528	1.68440868064	1.71235881201	1.72821396993	1.73907243577	1.73707030407	nan	
error nan	nan	nan	nan	nan	nan	nan	nan	nan	nan	nan	
>> DTM42
color #f27304
series 1.9583810063	2.2148820589	2.34864538173	2.52204566293	2.44478813616	2.40406979933	2.494476256	2.52533591493	2.53333750103	2.54169586853	2.74410214572	
error nan	nan	nan	nan	nan	nan	nan	nan	nan	nan	nan	
>> DTM100
color #80c99b
series 1.39508506557	1.68217924286	1.53145923428	1.77851440346	1.72290487705	1.78604712772	1.76186402032	1.85143189542	1.83820392697	1.81892184219	1.82734425922	
error nan	nan	nan	nan	nan	nan	nan	nan	nan	nan	nan	
>> DTM15
color #ff0000
series 2.29589450555	2.61651427425	2.66371827629	2.91487148305	2.90907478425	2.92125130068	3.03196174793	2.9795356166	3.029617086	3.02191124412	nan	
error nan	nan	nan	nan	nan	nan	nan	nan	nan	nan	nan	
>> DTM99
color #fcc688
series 1.66960260072	1.95746976576	1.79110349328	2.01968548425	1.95904293358	2.03748797005	2.06580040406	2.01624255898	2.0584556721	2.05856993927	nan	
error nan	nan	nan	nan	nan	nan	nan	nan	nan	nan	nan	
>> DTM96
color #f79679
series 0.798571871821	1.0055776451	0.940115273652	0.891257331895	0.808895214939	0.937896870514	0.875058451088	0.947516321661	0.925517581028	0.951138635831	nan	
error nan	nan	nan	nan	nan	nan	nan	nan	nan	nan	nan	
>> DTM113
color #a287bf
series 1.36734862661	1.96309377649	1.78381076225	1.922925613	1.8732008532	1.81678706548	1.9583409746	1.87931580857	1.96650940289	1.98128553035	1.98128553035	
error nan	nan	nan	nan	nan	nan	nan	nan	nan	nan	nan	
>> DTM73
color #808080
series 0.0937991187178	0.264627127791	0.170494131076	0.195647194991	0.227079765826	0.234741189194	0.243228511984	0.251108144373	0.247703980984	0.249928252292	0.474847407149	
error nan	nan	nan	nan	nan	nan	nan	nan	nan	nan	nan	
>> DTM69
color #5da09e
series 2.13689316025	2.33864051257	2.24274842265	2.4527213784	2.463708573	2.51419798565	2.49969840258	2.52739008598	2.5584732798	2.56451676383	2.56451676383	
error nan	nan	nan	nan	nan	nan	nan	nan	nan	nan	nan	
>> DTM74
color #02f40e
series 1.74769631486	2.04575327356	2.07359723442	2.04725234229	2.18020550384	2.136345638	2.10869316767	2.14025038192	2.1451456747	2.15233884809	nan	
error nan	nan	nan	nan	nan	nan	nan	nan	nan	nan	nan	
>> DTM98
color #7da9d8
series 0.962635591387	1.14725557253	1.21433934469	1.0591026211	1.16456899373	1.177773612	1.12911623881	1.20840968668	1.22728085759	1.22081406034	1.29329286947	
error nan	nan	nan	nan	nan	nan	nan	nan	nan	nan	nan	
>> DTM56
color #f49ac2
series 1.7407967555	2.14485199116	2.18880769748	2.26090628388	2.29917549599	2.34325100288	2.34835181087	2.38286952381	2.34932421997	2.37093308512	2.36080676046	
error nan	nan	nan	nan	nan	nan	nan	nan	nan	nan	nan	
>> DTM55
color #7cecf4
series 0.999799751594	1.27992684728	1.4079451039	1.38455259174	1.3782307598	1.37112076489	1.39727140353	1.3942663932	1.41636265027	1.44307505455	nan	
error nan	nan	nan	nan	nan	nan	nan	nan	nan	nan	nan	
>> DTM72
color #6b440b
series 0.692118191889	0.745144686059	0.706888698096	0.782071410211	0.817372000636	0.805799433485	0.856989030815	0.841848788612	0.802102517308	0.849259905571	nan	
error nan	nan	nan	nan	nan	nan	nan	nan	nan	nan	nan	
