gDQ514780	51.5901733003237
iDTM42_2671	0.190439916206437
911	0.247571891068368
041	0.247571891068368
723	0.0190439916206437
586	0.0190439916206437
087	9.73147971814892
gHQ912474	1.33307941344506
914	0.0190439916206437
647	0.323747857550943
gHQ912451	18.7202437630927
332	0.0190439916206437
783	0.0380879832412874
gHQ828193	0.0761759664825748
451	0.971243572652828
706	0.0190439916206437
731	0.15235193296515
000	2.01866311178823
681	10.1504475338031
881	0.171395924585793
689	0.228527899447724
855	0.0190439916206437
791	0.0571319748619311
gHQ912403	3.50409445819844
901	0.133307941344506
Proportion of reads identified as Diatoms : 100
