718	0.0166168162180126
693	0.0166168162180126
679	36.5569956796278
703	0.149551345962114
iDTM42_2671	4.93519441674975
041	0.0997008973080758
469	0.265869059488202
723	0.0166168162180126
s860	1.0468594217348
865	0.299102691924227
767	2.37620471917581
gHQ912474	2.67530741110003
914	0.116317713526088
087	12.2632103688933
gHQ912451	0.564971751412429
787	0.149551345962114
817	0.166168162180126
675	0.0166168162180126
332	0.0332336324360253
s495	0.0166168162180126
509	0.515121302758392
649	0.0166168162180126
681	0.531738118976404
000	32.6188102359588
689	0.132934529744101
841	0.182784978398139
648	0.814223994682619
gHQ912403	3.40644732469259
Proportion of reads identified as Diatoms : 100
